-5.84002965159377e-001    1.35789473684211e-001
-5.37799851742031e-001    1.16210526315789e-001
-4.32557449962936e-001    8.84210526315789e-002
 6.13106004447741e-002    5.30526315789474e-002
 3.77998517420311e-001    3.78947368421053e-002
 6.14538176426983e-001    3.22105263157895e-002
 8.93491475166790e-001    3.78947368421053e-002
 1.04997183098592e+000    4.80000000000000e-002
 1.21104225352113e+000    8.40000000000000e-002
 1.36415122312824e+000    1.54736842105263e-001
 1.40316679021497e+000    2.24842105263158e-001
 1.32347220163084e+000    2.66526315789474e-001
