-8.81355932203390e+000   -5.30655391120507e-001
-6.61016949152542e+000   -4.22832980972516e-001
-4.83050847457627e+000    6.55391120507400e-002
-2.71186440677966e+000    3.82663847780127e-001
-7.20338983050848e-001    6.17336152219873e-001
 1.44067796610169e+000    8.96405919661734e-001
 3.43220338983051e+000    1.05496828752643e+000
 5.33898305084746e+000    1.21353065539112e+000
 7.20338983050847e+000    1.35940803382664e+000
 9.53389830508474e+000    1.40380549682875e+000
 1.14830508474576e+001    1.32135306553911e+000
 1.34322033898305e+001    1.31501057082452e+000
 1.55508474576271e+001    1.32135306553911e+000
 1.75000000000000e+001    1.34038054968287e+000
 1.94915254237288e+001    1.37843551797040e+000
