/*--------------------------------*- C++ -*----------------------------------*\
| =========                 |                                                 |
| \\      /  F ield         | OpenFOAM: The Open Source CFD Toolbox           |
|  \\    /   O peration     | Version:  2306                                  |
|   \\  /    A nd           | Website:  www.openfoam.com                      |
|    \\/     M anipulation  |                                                 |
\*---------------------------------------------------------------------------*/
FoamFile
{
    version     2.0;
    format      ascii;
    arch        "LSB;label=32;scalar=64";
    note        "nPoints:6474  nCells:6216  nFaces:21885  nInternalFaces:9195";
    class       labelList;
    location    "constant/polyMesh";
    object      neighbour;
}
// * * * * * * * * * * * * * * * * * * * * * * * * * * * * * * * * * * * * * //


9195
(
95
248
2326
15
2991
3065
183
761
795
222
312
632
848
4186
4449
25
1306
4942
36
2280
5185
170
1146
6021
35
3031
3457
52
456
5971
432
697
2095
199
564
1678
27
1441
3068
151
410
938
116
969
5668
345
2828
210
673
4613
46
5171
5674
148
738
1006
157
1823
2746
200
1680
3784
406
933
6057
207
268
1178
98
906
4450
142
721
5223
532
4738
39
1473
5329
3119
54
369
4801
202
2103
3082
83
278
1140
250
550
1209
337
487
813
528
984
6207
121
914
1258
1759
873
961
110
1772
5475
162
999
1046
3184
3995
184
223
4503
45
763
843
966
1269
2512
181
865
1019
196
513
2765
780
3675
517
1167
161
1472
2890
261
751
3956
247
4526
5898
84
3870
4544
264
397
1391
91
975
138
979
3569
1577
1738
139
410
5831
129
364
3466
100
3380
4454
90
1398
1671
241
951
1016
204
342
5144
118
1887
2595
305
482
1290
127
1011
5442
412
557
1502
69
1775
1917
124
133
2929
81
353
835
94
1656
2967
748
6152
115
253
1459
185
1605
2166
718
965
5345
360
567
934
137
179
1397
425
757
3989
866
1216
2179
225
253
254
203
506
5760
357
4485
5592
140
2362
4846
217
1953
156
608
1924
136
597
717
1311
260
577
961
431
3786
5416
326
2915
5016
176
682
5194
146
1071
3528
3830
4036
258
521
177
1971
2055
399
489
682
3761
4186
1710
1865
286
641
986
333
694
4357
1332
3849
376
622
5688
1384
2312
458
4700
5427
249
731
4066
154
640
4518
186
348
1629
254
503
912
265
2293
3518
148
155
4436
197
2701
5865
505
881
2639
1085
1189
145
498
828
471
1881
4353
141
4428
5003
312
319
515
905
6162
729
453
641
938
956
1590
435
1004
5925
131
4763
5376
125
3762
176
3921
4234
411
771
3693
409
2195
989
4207
485
1805
4754
1191
4360
153
348
1151
5502
5960
972
2147
5194
339
1170
172
1116
4747
1740
3281
169
5338
5649
268
734
4972
1161
4783
3542
5604
4151
5090
453
1545
502
589
1320
1516
244
1104
391
658
1642
218
400
877
226
455
583
2482
227
865
1937
5705
206
498
1265
263
1345
3052
392
716
238
572
5931
269
4659
299
4054
861
925
3356
5619
287
1296
424
604
1859
297
1542
2490
641
768
891
1673
2629
979
3442
430
490
2076
327
2926
5509
399
538
4711
252
1012
3557
233
926
5460
171
499
649
3120
5470
492
4312
299
1757
1588
3229
283
444
5805
219
746
1702
366
647
4522
538
395
4147
191
230
6209
347
1669
317
753
1724
3212
4119
257
343
2850
711
811
400
1066
1373
1817
993
4047
372
833
1726
380
394
1585
618
860
5876
242
4040
4535
5269
5339
437
1477
1831
727
1190
5998
275
385
2404
824
1403
6051
1603
1787
685
4827
218
256
5556
298
655
1431
5066
336
931
5320
1929
4522
1073
1252
667
5010
796
977
1305
215
4449
3869
5923
472
894
1915
562
1118
5697
1036
4172
302
1803
2280
413
1032
2809
1590
3031
5012
382
596
1790
226
6153
253
5232
5849
1060
3036
4503
535
4477
763
928
4380
536
3325
4542
5219
5995
368
4022
1393
6208
819
4050
5580
990
4900
231
437
1429
288
543
3579
790
1609
1882
4780
240
350
987
2065
4036
446
3887
5682
598
1433
1695
624
2048
4630
599
755
1028
909
3959
245
1684
4489
801
1526
2127
4831
653
5057
484
736
2081
581
844
4955
5073
479
1103
1292
402
6106
638
3073
3822
4195
1069
5088
581
614
1038
405
820
3052
272
363
3171
1954
4300
3601
5243
732
827
294
2690
2920
362
6186
3496
5193
292
2651
3482
3044
3403
802
3901
1882
2504
307
2083
2403
343
1507
5198
5265
3540
3967
975
2418
3737
621
723
5713
1923
4614
311
1320
1679
384
1073
4146
294
1370
317
367
1028
460
981
5627
602
1082
335
937
1308
583
627
3187
352
553
1024
503
588
2840
593
833
1061
5527
520
703
2250
3514
4991
447
5169
789
1312
313
1766
3244
429
2348
3183
426
1946
3323
850
3829
420
552
569
1843
341
1432
1565
332
1633
2746
1367
4409
3751
5566
4088
895
2785
3808
324
3274
3609
5552
5789
492
995
5795
837
1162
5384
1460
1956
340
953
1367
631
679
424
4771
5716
495
993
5847
782
1231
1336
404
2328
2527
3811
5024
605
943
1435
391
817
1496
543
695
1773
1322
4107
6070
742
747
486
2425
5410
322
820
826
1020
4947
400
858
1553
2930
3718
393
1057
2091
1408
5853
1271
4562
507
723
1888
781
1485
6170
373
584
3161
428
2703
3938
4390
4671
617
4188
419
1054
5390
1042
5524
703
1187
3534
4727
3619
5903
6146
355
3194
663
4792
2057
3137
642
1158
3744
415
623
1231
452
1492
454
1102
1342
1587
2943
3488
544
902
4802
378
2767
1080
5532
5958
1880
5594
416
2103
408
677
749
3273
4727
369
2688
3846
4551
6211
788
1124
4908
437
931
1287
592
1315
404
1135
1396
2280
5499
859
4241
2357
5804
611
1156
4049
493
3082
1018
1280
386
1108
4753
1056
1084
4033
643
810
1622
1910
5736
3002
4702
596
3327
3639
470
1776
4392
2352
3226
537
678
1245
1098
1419
3689
5660
1048
5861
781
1238
2879
861
1562
528
1258
1800
789
1053
878
1857
1185
1939
625
1318
4455
393
898
1499
494
769
1206
893
1656
2623
2631
808
1058
4161
1537
3584
1051
1600
398
652
1130
4621
4992
402
1853
1979
610
692
1244
5322
516
1427
5607
2419
465
1694
2316
4376
1477
1675
3176
901
4989
1263
1573
3117
870
2810
610
615
2332
3570
542
5559
5657
2214
5635
1060
3460
603
772
1467
614
1172
1469
2144
3756
3893
5550
459
2042
2111
1101
1106
1250
480
2970
3198
4482
759
3682
5325
5754
445
3658
6206
1363
1503
2378
4381
701
1417
958
3487
4516
5635
769
825
1033
872
4262
4557
1850
4424
655
712
1297
586
1044
2120
1091
1319
1610
1096
1788
2165
775
868
1145
558
2864
5160
951
1219
2003
1083
1751
4978
836
4789
1324
3790
535
552
5087
533
1969
2613
473
1484
5681
635
869
2024
804
3201
4434
549
2033
741
3435
2052
5309
932
2964
3223
1917
5357
2655
4221
883
4478
586
701
1089
587
1645
2704
509
811
1451
576
1132
1744
658
826
920
4276
5177
529
2784
4117
676
1241
1468
777
1271
1437
797
4216
4905
5574
730
2675
1302
1983
656
2150
5366
577
1454
1900
779
806
1213
634
987
1199
520
1020
1389
2700
5763
2265
3644
2555
2623
5564
5624
6120
830
995
4312
1701
2586
1641
5824
2712
3325
514
5025
617
619
1168
1382
4254
1179
1856
1118
3352
5570
5973
1029
4551
1291
2737
1774
4669
799
2058
3259
717
5129
5165
2116
917
4189
562
1165
4498
619
660
2410
726
1623
1345
652
4711
6106
1645
3776
805
6156
1160
4463
791
2242
4885
795
955
880
3175
4370
665
3027
6215
946
1101
1463
757
2016
2098
4895
860
5142
1422
5114
3879
5941
631
694
1169
1015
1864
2591
2224
6124
6147
678
1208
1314
642
1228
1259
551
603
779
674
677
1134
597
602
2269
674
686
2302
5557
1155
3985
778
1026
1274
1114
1177
3045
998
4832
1050
3850
704
706
1097
3280
1404
3306
1905
5227
2915
982
2222
2880
703
1013
2912
899
1076
1167
1567
5469
5358
4516
5900
645
1416
1882
604
1323
1376
893
5361
6148
704
749
1772
1122
1133
2800
3132
588
1944
793
559
1551
693
708
1217
4815
4868
708
739
1897
620
692
832
2654
890
3959
633
669
1243
668
1154
3529
3566
590
2239
5486
712
1423
935
1329
5396
612
1140
1999
1153
2908
739
815
3664
1017
5087
868
1561
1631
1329
1716
5785
1102
1133
774
1624
1853
952
1017
1300
663
1701
4911
1045
4784
3387
897
2260
3756
686
756
1223
654
844
1418
3321
1119
2259
4515
3062
1856
1996
923
1887
2074
2076
1481
3417
1213
719
921
1552
3288
1993
2171
5347
691
1316
765
3195
1237
4610
5346
709
1220
3758
857
1003
1021
1485
1280
1486
875
3691
5083
1149
4498
5602
613
5007
4319
2088
4015
1009
1070
1902
730
3254
5913
1298
1497
2219
6001
6092
1906
1784
1815
1697
5647
1081
4188
4952
1388
5563
913
4050
5815
1860
2527
4619
3296
1607
5502
728
5250
1064
1438
1547
3004
1314
3951
3854
3996
630
1615
5107
1350
2333
670
1100
1371
1143
1313
2151
1743
3226
1818
747
3772
2007
2283
944
1468
1309
701
976
1605
884
1837
3185
2282
2392
803
1200
1973
1368
3372
671
1260
6117
667
1010
4794
2293
4448
691
1139
1880
2879
5402
660
1246
1905
1544
1807
1117
4700
6009
1759
3119
3655
2114
5556
817
1305
1894
1846
3382
661
4405
5167
4577
1044
1089
1236
4919
879
946
690
887
5521
5441
3689
5361
6205
3317
5067
669
1247
1906
1157
1276
3782
1861
876
1495
1182
2057
778
1175
1517
4680
5479
4017
678
1277
1894
1199
1353
1925
705
889
1111
1426
5951
734
2937
6048
5777
720
3982
5244
712
1239
1301
841
5192
1928
754
1756
1778
714
1255
6152
868
1360
1383
794
5330
1832
696
843
1985
722
5403
5721
901
1192
4949
5453
978
1730
3490
1079
1319
1644
747
1160
1173
749
1134
1189
4989
1169
3817
1281
3466
769
2481
4722
3509
2720
4028
815
924
1425
1750
3462
1834
3241
3385
787
1775
964
1836
2101
4438
5942
1398
5428
6040
1327
1339
2800
3629
2589
4344
1168
1279
2253
742
1173
1248
1433
5236
6042
1339
1353
3005
5933
1160
3772
776
4094
5323
2148
2796
1613
1654
760
1777
2832
4108
799
997
2141
5441
5791
1205
2990
3894
1900
5959
2146
871
1313
1424
1621
2236
4685
1727
4080
1230
1438
2667
1273
1399
1456
1476
2025
3719
5661
1072
1468
3703
2738
3424
910
5172
5256
1852
4327
1464
4538
2838
5326
816
3675
3275
1011
4042
5646
1234
2016
2073
5342
3826
4580
809
1668
5662
5676
1001
1210
1386
1340
934
3369
4029
1037
1041
4626
3001
4434
976
1417
1667
3097
5723
1442
1944
1043
1064
1230
1130
3250
3430
3432
1997
1171
1235
2190
2431
1217
1351
3730
1547
2061
4006
5092
1169
1279
1599
1136
1705
1837
814
1782
3340
1253
2377
4419
5987
1428
3762
4207
4062
4607
883
1682
2458
2354
4549
5263
5387
1131
4227
6158
4057
4980
857
4891
5363
863
921
3593
4534
944
4933
1630
3038
2127
3332
3357
3565
2767
4496
1172
5438
1120
2059
4228
1788
4991
1804
5049
1475
1634
2297
1625
2199
3359
5245
5708
1015
4707
3727
1351
1387
4577
1140
1226
1618
874
1956
1198
1014
1613
1870
957
1356
2157
1154
2337
4310
5207
5991
1336
5089
2757
2052
4143
2236
3798
1700
3045
5303
4631
4907
1111
1181
2094
896
2764
5100
1545
3026
6176
1364
1929
1062
1490
989
4541
1002
1841
2037
840
1122
2187
2033
2258
1897
3664
896
918
3683
1301
977
892
1461
2928
1027
1094
1719
1031
1233
1804
3124
3657
1910
5029
5100
3347
5518
2043
5892
6049
1378
4033
4611
1393
6207
1308
1445
2252
1352
1738
1829
1263
1844
2021
911
1526
2241
1530
4567
3612
3868
1515
3245
5511
2413
3048
1628
1887
2938
4695
1281
1570
958
1284
4232
2970
3366
970
3577
1688
5275
2403
5699
1223
1387
912
3501
1515
5340
5398
5517
1758
4341
1549
1465
5514
1885
4009
2927
5610
1355
1373
1862
1505
1049
5161
1299
2682
5217
1129
1658
5766
2362
6085
2080
2180
4899
1866
5887
1450
1704
1742
2978
1040
1220
3761
1251
1938
1056
4844
3089
1227
1904
2059
5237
1266
1635
1212
1990
3716
1607
1795
5978
943
1070
1556
1036
1957
2047
4338
6125
1678
4550
1446
4052
4160
1085
1175
2264
1450
2108
2675
3254
1790
4889
1908
1956
6120
1012
1198
1327
1539
3593
1072
1901
4660
3549
4513
2934
3447
1414
5886
6073
1992
4914
6083
1008
5894
6033
3036
3354
949
2498
2637
2996
1780
1581
2302
2682
1301
1423
991
1052
5058
1586
5120
6086
5885
4387
4530
3352
6100
985
3472
4494
1125
1597
1604
1125
2356
4991
1470
1814
2325
1288
1683
5978
974
3468
5075
1762
1783
2117
4211
6039
3117
4871
5845
4106
1027
1075
1651
1260
3602
6144
1355
1555
1003
1068
5902
2983
1369
1421
1232
4382
1248
2385
2863
3499
4847
1674
3354
1016
1219
2600
2129
5184
5465
1203
3724
3953
2778
1618
1641
1872
1110
1311
1655
1420
1961
5067
5793
1072
6198
1083
1560
2089
1259
4057
4243
1768
3638
2859
3307
978
1400
1417
5777
5861
1397
1665
2218
2655
4995
5526
3131
4344
3022
2416
2147
5234
1197
4382
3650
4373
1055
5130
5494
1142
5354
1316
4083
1742
4099
5638
1519
1853
2790
1012
1278
2829
1921
4956
2357
2400
5757
4397
1218
1357
1511
4297
1337
3611
5026
1517
6171
1183
4909
1488
2345
1354
2944
5187
1821
1406
4470
4783
1226
1872
1790
5500
5948
2637
3287
1875
2421
2738
3916
6045
1267
1806
3386
4786
4927
5320
6184
1983
3624
3861
1973
2617
1307
1601
2002
2008
5771
4014
6200
1023
3317
6125
1583
4781
1704
1864
1152
2221
5955
2450
5599
1372
1201
4485
5402
1211
1358
5793
1116
4367
2509
5077
2061
2296
1074
1356
1975
1315
1380
2908
4128
2331
5102
1104
5665
2912
6086
6214
1690
1977
4941
5859
4504
5601
1548
1959
1931
1470
5883
1094
1651
1296
1685
2604
1382
5777
1358
4857
1500
2897
1257
4103
1113
2360
2447
3191
2341
2449
3835
5313
5336
1282
3368
3955
5346
1105
1962
5851
2074
3592
6139
1745
1976
1138
1300
1475
4200
1112
1504
1682
2241
2432
1319
2198
4910
1385
5803
2217
4686
1828
1090
2791
4112
1689
2424
1748
1982
1150
1557
1145
1513
2614
1441
1628
2074
1991
2186
3425
4317
1860
1963
1963
1999
5664
1806
1828
2190
1262
4731
5396
1376
1508
2118
1776
1890
6032
5464
2844
4705
2186
2251
1295
1635
1816
1377
4879
5806
1918
1227
1310
1819
5346
6165
1570
5276
2479
4496
1407
1532
2733
1150
1793
1465
2953
1867
1873
4212
1282
4161
2479
2605
1723
4696
4923
2432
2443
1593
2443
2520
1798
2001
2317
1114
2526
2490
4114
2458
1126
4836
5568
4337
5054
6050
3111
2375
4636
3673
5049
1292
2244
2359
4599
1576
3125
4958
4605
5452
3717
1413
3952
1163
5341
5653
2495
3863
4920
4672
4677
5369
1932
5157
1729
1814
3491
1379
1579
1998
1196
1328
2477
4810
5277
1622
2617
1864
3116
3144
6209
6202
2152
5167
1188
3261
3337
5429
3869
5890
1164
1720
2218
1458
2631
3537
5249
6045
3879
1820
2020
3807
5005
4807
5761
3641
1707
3078
2117
5704
2027
2543
2027
2034
1425
1555
3110
1226
3700
5269
5339
3100
5367
1520
1802
5121
6011
1365
1376
1859
6108
1452
1878
2874
1409
1411
5665
4644
1412
1533
1649
3631
1394
1412
2025
2217
4878
2614
4108
1400
5117
1409
1437
1514
2273
3790
2034
2105
1388
2393
1251
1462
2452
3138
5719
1437
1457
1491
2224
2951
1506
2205
3698
4456
5031
2120
2827
1925
2162
1426
1504
2364
1394
1457
1476
1394
1491
1924
2039
3421
1809
1851
1800
4925
1466
2942
1357
1724
3563
4821
6098
1657
3225
1885
2777
3970
4279
4622
2296
4466
1268
2104
4948
1608
5566
1535
1781
5226
5807
3185
5428
2611
3278
2305
1878
2051
2233
1509
1603
3011
4730
4808
3909
3060
3474
2659
2545
1411
1490
1569
1810
2449
6020
1581
1521
5228
5744
1229
1883
2056
2160
3253
5144
1706
2134
3623
2095
1809
1886
3229
5237
3973
4067
1490
4562
4632
5695
5358
6112
4522
5478
1985
2291
1871
2054
3688
1623
1901
1322
1690
3598
2393
5563
2162
2212
2259
2272
2228
2272
2212
2234
3637
1272
2189
3444
1419
5333
5323
2910
5794
3181
5590
1283
3999
4662
2194
5529
1374
2048
4583
1289
2308
5354
5540
1595
1273
1877
4820
3217
3891
3880
1765
1923
4012
3537
3657
1693
2139
1723
1941
2546
4609
1354
4797
1367
1886
1981
3844
1630
3792
1572
1399
4497
1303
3838
6165
1535
1951
2259
2323
4880
4985
3791
1858
2357
1735
4455
5781
1293
2714
1692
2102
5131
1731
2573
2590
2951
3373
5408
5734
1554
1614
2013
6042
1442
4139
3815
1362
3487
1943
3154
4030
1693
2982
1341
2291
2323
1491
1514
1379
3698
1512
1870
4209
3579
3665
1307
1527
1947
4692
2007
2393
1322
3621
1883
2551
1584
1691
2699
3191
3665
2523
5227
1525
5588
1574
1969
2063
2575
5781
5101
1617
2425
4377
4561
5241
2094
4322
5825
6096
6211
1697
1959
3804
3983
2176
2896
3306
1595
2461
4819
1746
2404
2766
5353
6182
2251
2533
2758
1462
1712
1965
1812
2010
3450
5159
4902
5745
1449
1471
2209
5238
1748
2382
2130
3790
1868
5945
2371
2878
3058
1444
3495
4117
2305
2352
2898
4200
2093
3837
4838
1823
2604
4102
1487
1636
2875
1797
3312
4762
4464
4585
3969
5437
3535
1913
5326
5961
1822
2146
3509
2215
2894
3619
3681
5895
2360
4956
1453
3699
1789
5986
1611
1811
1542
1981
2082
1757
2338
1533
5087
1746
2121
1921
4271
1582
1592
2498
1452
3791
2309
2721
4857
1612
2979
3310
4125
2302
1991
2892
1506
2200
2456
5528
2252
5429
1449
2188
1838
5023
4656
4085
4848
2757
4227
1672
1715
1807
1786
4383
1890
2283
4216
6214
1440
2262
2918
1869
1989
4890
2699
3365
6012
1471
1672
1753
1866
3434
3612
4735
5343
1434
2712
1425
2196
3664
2082
2123
1528
1627
4526
5068
4019
1552
3291
5097
2723
3783
1478
5422
1909
3624
2078
4551
5670
3620
4299
3321
3695
5638
1813
2292
1649
1960
5551
5917
1980
2152
3981
2526
1964
5604
1773
4361
3373
3620
1821
2792
5271
1597
5639
2105
3849
2013
1559
2609
2361
3313
1988
3561
4176
4873
1588
1825
2868
3300
3353
3460
5840
1638
4320
6005
1785
3129
2215
3960
4970
5364
1592
1596
1719
1863
1964
3356
5388
3622
4712
4826
2410
1647
3732
3287
4379
1796
4338
4356
1754
4155
3844
1642
2116
1796
3052
3501
3990
1889
1947
2156
2605
4331
2822
3581
2102
1808
1958
2737
3393
2431
3789
3110
2453
4954
6030
2689
2860
1518
2276
4447
1558
3163
4780
2340
5997
1681
1914
2973
2266
2447
4349
1619
2522
1962
2169
2379
1616
1736
4482
2520
4563
5236
1518
2085
1650
2464
2382
3195
1573
1844
2068
4766
4921
1543
2301
2889
2331
5294
5373
3879
5941
3695
5124
1863
2497
1577
1719
1829
1825
3229
5466
5576
2418
5355
5496
6044
6172
1563
4030
4395
1851
3021
3263
1541
2594
1990
5241
1687
2765
2298
3405
4476
1578
3449
1960
2045
3432
3869
3219
4959
1970
3377
5599
2128
2129
5322
1699
1819
2531
6020
1594
3936
5969
4346
4453
5400
1972
2137
4252
1832
2624
4850
2100
2202
2743
4600
1564
2801
5393
2081
5014
1652
2115
2373
1769
1827
3280
2153
4436
5687
3486
2122
2229
4198
5878
6068
2135
2232
4259
1946
5688
1627
1720
1769
1919
3562
4470
3054
4000
1546
1571
6074
1715
2389
4529
2137
5728
1798
2608
1578
1852
4475
4860
5936
4958
4341
4933
1600
3648
2325
2361
3564
2139
2358
2045
2207
1930
1952
1643
1896
2894
2999
2996
4400
1647
1659
4634
4888
1861
2234
2249
2379
2480
4689
5209
1720
1819
2671
1733
1976
3094
1757
2231
4497
6017
2158
1791
2646
2295
3161
4360
3686
5097
3248
1724
2046
2185
2782
4892
5378
5185
1755
1982
1840
4338
1699
1891
4889
5363
2250
2912
2888
4698
4306
1734
2001
2699
3436
2267
5275
5756
3812
1939
4563
5231
6114
1634
2641
3248
2533
4590
5878
6203
2863
6190
4219
2100
2420
1971
2002
4928
2606
2758
3064
5464
2013
3990
4156
4591
3951
4512
6202
3314
4308
1722
1764
2104
5633
4768
3530
5293
2352
5259
1764
1859
1637
3419
5647
1677
2327
3761
4025
6179
5242
5319
2777
6137
3867
5751
3223
3897
3457
6136
3470
3119
1774
2020
2131
3696
6109
1676
3723
5385
1823
3294
1728
3385
3103
3543
1952
2712
1771
4912
3640
4415
5307
1791
1935
2886
4252
3440
1751
2051
2908
5761
3775
1661
5720
5820
2640
1753
2209
3750
3515
1933
2975
2382
1653
2134
1763
2056
5176
5924
2608
2658
3395
2132
3282
1852
4545
2079
3030
2718
2999
3029
2299
5513
1666
5214
5768
1779
3147
5196
2540
3589
5367
1669
1802
4309
5935
3022
3961
2773
3673
2693
2133
4192
5158
1734
2065
3260
2372
2729
1926
5328
4990
6075
2636
3043
1771
6173
3630
2713
4489
3717
6013
3276
3604
3586
3722
4673
1836
2427
2480
3095
1820
2054
4659
1839
3008
2228
4919
2157
2193
1947
1904
1916
2477
5514
3851
3440
5826
4156
5467
2600
3733
4255
5728
1722
2004
2011
2748
2526
5951
3123
2625
2756
2488
3719
4484
3861
5161
5188
2551
3347
4198
5622
1944
2840
3492
1767
3613
5220
1792
2921
1778
2060
3581
2201
2210
1765
2138
3171
1745
2148
4789
3760
4542
5123
1766
2771
2980
1903
1966
2038
3460
5586
6096
3556
3690
2003
2004
2359
1868
2953
3816
6195
2207
3174
2371
4260
2957
3029
3654
3976
1911
2203
4352
1780
2169
3454
1898
2315
2060
2090
2700
4674
3965
4280
5715
4154
4208
3144
4656
4859
3323
5203
3058
6141
3562
2221
4029
5950
1861
2283
3137
2878
3614
2039
2896
4281
3947
1877
1879
1997
1767
5727
1954
5437
2938
3010
4010
5573
1903
2003
2244
3136
1845
2722
4046
4649
3930
3502
1922
1884
1899
4003
5472
5276
6014
4560
4500
2247
3997
2255
5190
5367
2723
2708
4999
2188
4726
1784
2322
1799
2784
4412
4571
4751
5618
3514
4014
4795
2435
2263
2330
2358
2783
2098
2270
2334
3722
4517
3403
2288
2932
2462
2786
4947
1874
2044
3351
2455
5654
5798
3865
1972
5821
5288
2453
1907
1913
4536
3080
4443
2011
2118
4474
5218
1830
2243
3747
2115
3389
3241
3350
3131
3375
4357
5640
4572
4144
5866
1968
2124
2350
2091
3392
4783
5980
3186
3661
4125
1918
2184
2211
5885
6075
4816
2166
2498
3727
5533
5970
1899
1978
3835
5466
4548
2269
5640
2286
2687
1895
4419
2289
2829
1891
1916
2099
1857
2232
2230
2115
2322
4215
4420
2067
3217
3608
2676
4045
4131
1871
2229
4777
3700
4796
2681
2018
3450
3742
1992
5036
5673
5450
2420
2789
4426
3375
4084
2702
3774
4293
5718
2090
2510
3592
2046
2344
5279
6115
1966
2244
2170
2204
1898
2395
1911
2067
3891
4787
4758
6077
5588
3807
4860
3268
3901
6117
3914
2543
4794
2202
3413
5882
3240
4534
5399
5506
2261
3680
4581
5566
3707
3803
2233
3061
3909
4328
4368
6186
5891
3564
3685
2659
2685
5939
5563
1975
2548
2840
3553
3162
4309
4743
3322
1978
2041
5313
1973
2063
2435
1949
2685
1949
4913
3012
5011
5722
2005
2038
2429
2783
2028
2671
5156
3783
3341
3436
3563
2075
2786
4302
2097
5676
5854
2773
3705
2827
5643
3826
4317
2441
2492
2754
4296
4390
2445
2474
2099
2208
2366
2008
4048
1984
2366
5912
3000
6092
6210
3580
3685
2030
2156
3377
2756
5538
3510
3580
3690
3226
2370
2422
4149
2366
3182
3659
4045
2708
3841
3800
4756
4795
2944
3144
5242
5548
2478
2657
2446
2560
4430
4239
2000
2427
4803
5179
3542
2030
2049
2907
2036
2555
5845
2339
3950
4268
3625
4458
4173
5270
2155
5190
5375
2237
4028
6193
5026
3655
4694
3630
5233
4748
3162
2019
2452
4508
2378
2865
5476
2035
2506
3034
2439
4388
2032
2328
5747
4061
4219
5692
6111
2041
2158
2195
2321
3569
3603
2076
2295
3812
2014
2535
4505
2069
2329
4152
2983
2157
2659
2145
2158
5122
5882
4041
2024
2330
4414
2183
5458
3615
2023
2334
4895
2049
2376
2119
2636
3343
2044
2910
5589
5712
2183
3227
2208
2306
2464
3543
2063
2613
3604
3273
3280
2087
2328
4489
4432
2805
3186
2049
2210
2246
2535
4547
5392
5572
2071
2440
2271
5093
2537
3345
3619
6054
4451
4985
3572
4720
3316
3516
5057
3611
2363
3468
4990
2496
3519
2311
2466
3836
4355
2164
2643
2813
6006
2408
2519
2544
6084
6122
5540
5962
6171
3521
3243
5380
4321
4563
5915
2609
3306
4494
3638
4236
5216
2936
2145
2172
2071
2112
2346
2437
3493
2087
2121
3601
5198
2841
4037
2454
2473
2641
2919
3020
5586
6211
2106
2759
2173
4384
4417
4237
3864
5640
2246
2376
2537
2789
3102
2172
2206
2230
2427
2401
3757
2254
4625
3674
2922
2119
2191
3043
2752
4269
5593
5621
2181
2383
2732
4017
4140
3304
2772
4358
2243
2897
5333
6067
5138
4450
4030
4359
2216
2238
2243
3439
3491
2201
2306
2598
2167
2642
2739
2513
4000
2351
2423
2166
4632
5464
4022
4503
6138
4764
3278
2798
2295
2920
2178
2289
4825
2163
2710
2270
2405
2468
2281
5955
6166
5106
2838
4279
6116
3095
3489
3884
4621
2612
3795
5434
5645
2755
2225
2794
5443
5916
4200
2245
4121
4681
2990
3060
4626
3631
4056
2206
2434
2441
2238
2415
2445
3575
5812
3936
4612
4590
2422
2430
3668
3518
6049
2242
4405
4575
4835
5705
2183
2391
2981
2475
2542
2939
2170
2248
5351
2671
3381
2448
3358
5022
4471
2516
2668
3252
4101
3838
4493
2819
2927
2743
4576
5114
4521
2587
4512
5778
2634
2290
5641
2384
2603
2887
2332
2635
3882
2622
5188
2214
4517
4594
2454
3078
2400
4957
5267
5644
2962
3265
2919
3037
3739
2349
2592
2376
2470
4425
3510
5305
5454
2430
3778
3365
2396
2826
2363
2513
2742
2429
2669
3977
4546
3503
5192
5792
2339
2923
3086
3069
5761
2381
2964
2340
2343
2452
3651
2977
3583
2286
2588
2340
4836
2797
4491
3446
2312
2770
2238
2444
5136
2990
4941
5001
4802
4399
2646
4268
4999
3470
3027
2329
2351
2638
4083
3600
5918
2226
2335
2348
5816
2475
3589
2378
2557
2303
2665
2679
4618
2645
2852
3177
4763
4486
5954
6206
4540
2626
2680
2398
3152
2460
2683
4530
5567
4833
2586
3687
3215
5375
5409
2407
2630
2604
4803
5771
5260
5524
4794
6010
2802
3061
2716
4734
2503
3765
4573
2525
2597
5395
3690
4696
4646
5812
4877
5051
2303
3729
2326
3698
4834
2921
3774
4146
5482
3296
4919
2937
3784
4288
6177
3763
5945
5584
3484
3489
2517
3032
3063
2343
2436
2550
3102
3234
2318
2365
5348
2446
2942
3376
2675
2685
4646
3005
5005
2508
2552
4108
4288
4504
3737
5355
2496
2324
2381
5108
2380
2386
3781
3784
4742
5208
2329
2349
5366
2318
2381
2411
4640
3614
4595
3307
4070
3037
5634
2335
2408
2487
2513
2650
5225
2412
2642
2775
4171
2876
2344
2521
2768
3525
4013
3527
5161
2490
4451
4470
2521
2724
4336
3540
4389
4641
2607
3363
3634
2722
3084
5239
5570
3484
3496
2460
2387
3962
5292
2438
2442
2644
2416
3285
4636
2484
2539
2661
2508
4912
5041
5105
3706
2386
2482
2433
2494
3046
3139
5191
5642
2852
3481
2799
3080
3105
2465
3565
4766
5251
2440
2416
3371
2493
2565
2548
2626
3134
2652
2817
2556
4418
3142
4244
4267
5590
3893
4167
3147
4137
5409
3064
3871
3988
3556
3517
4429
6083
2895
3496
3512
2409
2472
2780
2952
4993
3314
5158
5199
3658
5112
5547
2499
3257
4264
2546
5138
3720
5316
2559
2941
3066
3379
5146
3977
4166
3805
2397
2621
2436
2585
2727
3952
3791
4355
2814
4027
4442
2957
3022
5156
3177
3416
5291
6075
6213
2509
3560
3244
4649
2625
5743
5838
3084
5382
4190
5295
2558
3777
2483
4967
3576
3837
5415
4979
3310
4211
2405
2562
2969
5887
2608
3754
5201
5898
5025
5245
2557
2411
5939
2484
2471
2578
4056
4423
2629
3234
3318
2656
2662
3445
4440
4593
5971
2535
5101
3857
2822
4651
3330
2440
2966
2680
2914
5273
3204
4328
5856
2514
2529
3274
2776
3384
4769
4950
2437
2627
2707
2709
2955
2456
2652
2848
2934
2980
3551
2645
2836
3458
5522
2656
2749
2646
3143
5493
2654
2976
4767
5164
6113
2476
2601
3305
3549
2748
3319
3265
2719
3070
3367
5139
2752
4290
4844
2964
3174
3713
2726
3107
2467
2547
3271
2645
2534
2541
2811
3284
3010
3304
4141
2472
2529
3718
2724
2849
2628
3520
2662
2911
2619
2883
2618
2811
2988
4855
4069
4139
5180
2705
2553
2571
2691
2762
4373
2500
2552
3244
2549
2554
4393
5451
2511
2539
3650
2493
2574
3039
2707
2971
2596
2839
3002
4944
2765
3219
3558
2507
4902
2515
2502
2541
4775
3074
2781
2804
3176
4780
2696
3150
4253
2665
2674
3220
4998
2806
2907
3141
3600
4660
4837
2519
2553
3811
2556
2610
2615
2866
2596
2691
2851
2554
4951
2987
2672
5508
3326
5275
2528
2572
4342
2615
3014
4657
3686
2561
2563
3587
3186
4767
2978
4393
4661
4308
2538
2576
2730
3976
2849
2561
3839
4259
5132
3997
4670
3274
4196
3092
3552
2916
5264
2560
2627
2694
2697
3829
4871
3939
5311
2562
2566
2619
2803
3122
5562
2567
2577
3996
2627
2628
3647
3099
3428
5329
4037
4109
2581
2583
2734
3288
5349
2576
3494
2577
2580
2581
2739
3775
4077
5407
3291
5418
5406
3776
5419
2697
2769
5014
2760
2818
2760
2845
3383
6072
3818
3471
4845
2749
3374
2647
2668
2695
2717
3978
2938
3031
3725
2649
3013
2770
3546
3002
4872
5450
4385
2900
3561
2686
2804
3159
2958
5568
5456
2649
3018
2843
3228
4007
2647
2673
3126
3677
5001
5440
4272
5070
5545
3137
5064
5540
5581
3289
4552
3663
2843
3232
3706
2628
2775
2913
4366
6065
2892
4246
3154
4251
4447
2818
4457
3998
2643
2736
2893
2736
2813
5274
2864
5461
5056
5316
3701
5628
2817
2904
2704
2819
3574
3662
3635
3071
3218
3447
4304
4217
2889
2954
3211
5618
2954
2989
3198
3740
5539
2684
2750
2802
2861
4422
2995
3964
4172
2766
3870
2771
2837
3551
3535
3767
3173
2705
2706
4159
2993
4217
4342
2918
2735
2788
2881
4552
5277
2881
2914
3128
3679
4055
5737
2704
2706
3427
4442
2873
2963
3164
3814
3300
3729
4256
2854
2992
2997
2873
2906
3915
3645
3953
5798
2930
5348
3941
4598
3541
3765
2845
2945
3020
3248
3934
4051
4259
5132
2880
2821
3107
3900
3319
3480
2858
5262
2735
2740
2930
3101
2986
2710
2856
2881
4723
3610
5672
2888
3994
3154
5838
2869
2925
3016
5303
2764
3683
2799
4313
5104
5839
5003
5073
3517
4169
2895
3540
4874
3243
3346
2772
3240
3490
3696
2997
3053
3164
4035
6001
6199
3522
3573
3407
2862
2887
2960
3091
3129
2862
2867
2740
4958
5486
3318
3511
2734
4506
2885
2935
5612
2830
2902
3691
5457
4558
4210
5362
3684
5625
2998
5433
2779
4287
4455
2989
3130
3943
3121
3400
3455
2867
2884
5412
4977
2820
2949
3091
3616
5476
3153
3420
2884
3065
5468
5497
2920
3100
4664
3294
4074
4174
5316
3163
4692
4184
3715
4973
2924
3958
4104
5827
3725
3897
2891
2899
2994
2797
5011
4850
2966
3019
2830
2844
3353
4298
3744
4007
2855
2891
3594
2814
2882
3054
5535
4085
4533
2831
3854
3153
3497
3166
4051
6121
5050
4302
3378
5497
2821
3272
4097
4490
2837
5546
4473
4858
5751
2830
3062
5226
5731
3007
3713
3746
4934
5121
2825
4635
5613
3136
2864
3127
3295
2917
3486
3425
3826
5404
2931
2933
3336
3381
5390
3167
3242
2872
2909
3145
3006
3925
4388
3167
3882
3342
3596
3433
3136
4066
4764
4822
2869
2820
3088
3654
2846
3118
3184
3823
3333
2925
3107
3520
5382
3114
3302
4160
2846
3331
3473
2855
3109
3127
3169
3379
2858
2885
4048
2872
3461
2950
3448
3138
4040
4453
3694
3746
4306
3271
4068
6026
3006
3025
2856
3894
2909
2956
4224
5013
3051
3261
3263
3570
3023
3190
2860
3027
4781
3025
3041
3085
2876
3446
2909
3059
4233
3294
4102
4165
2958
3090
3948
2905
2877
3404
5205
3106
3272
3342
4653
2948
3089
2901
4685
3374
5680
3017
3098
3264
3669
3694
3071
2884
2940
3218
3041
3104
3745
3076
3172
3273
3042
3070
4038
3139
3725
5213
5862
3072
3572
3632
2923
2931
4921
3028
3050
3090
3542
3349
3599
3780
3083
4437
2940
3357
5109
3203
5769
4268
5270
5858
3160
4511
2917
2923
3231
3252
2945
3158
3208
3283
3370
3081
3150
2917
4363
2959
4137
3825
4112
2965
3028
4929
5606
3249
4234
3437
3511
3345
3911
4414
3653
3669
3187
3312
3071
4359
4973
3860
3092
3617
3180
3880
3224
3364
3777
2960
2961
3745
3106
4320
3465
3477
5641
3625
5323
3201
2961
2992
3388
3480
3597
4247
2962
3168
3247
3358
3437
3467
4609
3104
3146
2994
3096
2959
5409
5617
3590
3642
5762
3426
3050
3179
2963
3155
4012
3478
3238
3255
3090
3008
3046
2984
3160
3262
4828
6024
3350
3944
4539
3777
4141
4414
3075
3299
3006
3073
4293
3179
3251
3093
3290
4386
3070
3075
3146
3168
3865
5310
5571
3613
4948
3925
3242
3443
3942
3944
3568
2994
3269
3193
3277
3376
3023
3106
3133
3404
3858
4970
3214
5262
6185
3077
4442
5349
3293
4381
4870
4282
3860
4982
4334
6199
4393
6145
3041
3644
4416
4594
4865
4401
4231
4819
3047
3028
3269
3406
3710
3047
3051
3442
4464
3056
3079
3079
3098
3079
3360
3396
3290
4148
3042
3103
3051
3056
3133
4387
4527
3586
3708
5063
3520
3818
5474
3395
6065
4330
3574
3828
3236
4248
3463
3467
4817
3046
3085
3867
4423
4652
5536
4849
3268
3444
3493
4289
3301
3587
5612
3399
3941
3531
6066
4999
3320
3233
3867
3221
3743
4509
3451
3075
3077
3128
3165
3180
3236
3348
3235
3483
3677
3462
3072
3076
4645
4507
3158
3103
3165
4729
3201
3093
3315
3344
3682
4067
5799
6096
4678
4915
5683
4706
3710
5455
3735
3315
4302
3848
3101
3633
5670
3096
3109
3636
3459
3224
4168
3500
3613
3912
3096
4145
3745
3269
3954
3663
4155
4758
4776
3346
5689
3414
3166
3239
5132
3609
4060
4031
3575
3787
3239
3275
3422
4502
4574
3397
5118
3328
3469
5231
5711
5799
3473
3582
3146
3482
3740
4816
4845
4438
3180
3281
5071
5770
3866
4370
3221
3237
3687
3840
4828
5504
4342
5433
3408
4078
3523
3349
3406
3203
3338
5149
5045
5569
4739
3221
3222
5548
5746
6209
4022
3459
3429
3575
4295
3405
3409
3150
3262
3237
3277
3155
3266
5375
3179
3453
3495
3283
3332
3714
3267
4270
5432
4210
4324
5543
3172
3855
4624
5067
3514
4493
4543
3190
3256
3339
3173
5860
5214
4213
3182
3692
3479
3533
3498
3194
5376
3267
3303
3398
5014
3238
3293
4369
3455
6144
5892
4132
3339
3438
3541
4997
5207
5787
4230
5928
3236
5037
3190
4398
5180
6150
3570
3634
4654
5210
3606
3656
4480
3246
3267
3534
3752
3393
5007
5031
3475
4325
4613
3366
3391
5634
5720
3247
3485
4603
3686
5298
4641
4482
5716
3214
3258
3338
3230
3235
3283
3860
5301
3303
3361
3716
3731
3853
3681
4435
4438
3251
3276
4928
5920
3249
3276
3349
3547
3345
3353
3763
4696
5444
4589
3264
4039
3328
3363
3850
5576
4739
3255
3270
3645
3443
3704
3309
3328
3361
3429
3255
4044
3247
3309
5519
5751
4444
4078
4193
3324
4222
3616
5103
3904
3890
4576
4600
4428
4458
3796
4652
4710
3476
3264
3697
6188
4270
3286
3423
3363
3410
3985
5622
3965
5519
3907
3938
3348
5368
3320
3320
3324
3461
3626
3917
4278
4010
3504
4751
5312
3768
3889
3970
4009
3331
3917
5675
3334
3452
3526
3555
3415
3701
4814
3873
4062
5514
3299
3873
3672
3764
3821
4230
3308
3344
4426
3475
3711
4340
3532
3550
3778
3315
3546
3839
4921
3355
3643
5253
4745
4175
4176
4097
3559
4717
3585
5308
4006
4058
3333
3524
3895
4910
4815
5345
3923
4291
4800
3465
3749
5290
3448
4884
4833
5841
4400
4981
3588
3792
3884
3410
3505
3508
3388
3364
3362
3548
3452
3567
3836
3423
3479
4394
4818
5507
3670
3554
5717
3883
4017
3872
3344
3415
3577
4174
3360
5765
3973
5351
6035
5949
3910
4265
5607
3401
3585
4373
5108
4394
5135
3438
4205
4596
5475
3829
3399
3908
3653
3702
4807
5947
3388
3398
3555
3752
3506
3588
5178
3823
4569
3398
5101
3402
3507
4042
4726
5827
3756
3545
5834
4906
5937
3505
3550
6108
5010
5690
4533
4715
3533
3720
3728
4081
4122
4201
5919
3700
4965
4851
3578
5255
5280
5656
3414
3819
4949
5558
3414
3899
3920
4633
5362
3847
5709
4086
3407
3674
3451
3459
3768
4968
3924
4422
3903
3595
3764
4571
3524
3986
4015
3617
3794
4111
3699
3878
4077
5041
3438
3723
4869
4098
4238
3526
4625
4548
5867
3479
3989
3859
3933
4651
5425
3476
3547
3939
5292
3513
3995
3483
4907
6109
3769
3810
4201
4312
3548
3922
3817
5142
5299
5922
3627
3797
4001
4164
6138
3749
3866
3899
5090
3539
3668
4578
6104
3744
4824
5013
3928
6181
4329
3495
4665
3476
4555
3702
4024
4601
3505
3940
4604
5012
3898
4388
5725
5095
3770
5723
4025
5246
5731
3935
4591
4315
4874
3585
5397
3943
4286
6052
3891
4352
4052
5373
5694
3932
3649
3678
4282
4510
3667
3506
3532
3498
3787
5893
3498
5518
4606
5344
3504
5671
4157
5693
5032
4650
5840
4372
4294
5074
3526
3603
3975
5000
4581
4879
5297
4236
4964
4208
5313
4047
3931
3576
5877
3582
4154
4508
4079
4488
3680
3956
4222
5439
4129
4374
4535
4214
5892
4316
4469
4161
4258
3556
3815
3534
3559
3618
3530
4617
4479
5188
4159
6175
4606
5642
3986
4171
4313
4135
4049
4647
3545
6049
5391
3846
4527
5059
4043
4158
3548
3692
3588
4079
4518
6121
4038
4648
5388
5596
4363
3567
3671
4650
5297
3622
3861
5435
4541
5826
3994
4002
5708
4242
5458
4363
5198
5249
4240
4775
4934
5118
3991
3615
4831
3979
4424
4718
3825
4019
5460
4307
5497
4070
4744
5125
6112
4733
4723
3606
3749
4402
3874
5894
4586
5575
5190
4163
4468
4034
4133
4454
4741
5754
4511
5370
3802
4894
3769
3801
4544
5165
4327
6193
4279
4447
4615
4664
4601
6119
3642
3796
4411
4439
3643
4058
4481
3678
4199
4433
4916
4938
5122
5811
4564
3768
4345
3666
3712
3932
5780
3871
4303
4001
4430
4607
5176
5913
4115
4368
4821
5401
4064
4128
4680
5417
5569
5353
5889
4000
4221
3823
5714
3903
3812
4094
3815
5763
4804
5230
4849
4501
5832
5027
5233
4220
4277
3753
3652
4031
3708
3789
4952
5343
4615
5318
3757
5036
3937
3992
5108
4151
4354
3676
3984
4620
3900
5285
3984
5494
5868
4280
4545
5766
4392
4519
5228
5457
3704
3742
4175
5846
3753
4163
4249
4587
4115
3926
3701
3723
3758
4134
3676
3711
4071
3890
5676
4265
4075
4283
4969
5041
4395
5845
4111
4148
4332
4466
5261
4063
4389
4690
6148
4600
3880
3770
3801
4736
5248
5944
4243
5999
3760
3771
5170
6198
4204
4071
4296
4603
4605
4162
4446
4492
3712
4100
5183
4078
5106
3828
5682
4075
5601
5348
5357
3882
4392
4500
4996
5440
5993
4446
4472
4612
4608
5394
5341
4281
5797
4229
5747
3742
3878
3786
5537
4487
4557
3854
4326
4058
4797
5187
3877
4472
4495
4527
5513
4031
4406
5069
5896
4193
5073
4206
3767
4365
3961
4614
5156
4167
5252
4512
4550
5805
3979
5322
5465
4487
4525
5293
4064
4495
4524
3938
6154
6023
4100
3922
3921
5234
5282
4072
4431
3896
4565
5598
3808
4691
5336
4416
4823
4823
3931
4524
4556
3795
4622
3820
4142
4220
4292
4129
4525
4566
5383
3809
3920
4337
4350
5143
3931
4411
4500
3979
4151
4954
3915
4461
4559
5679
6138
4492
4616
4098
4296
5043
4003
4412
4781
4505
4687
4319
4561
4556
4582
4719
3847
3848
4075
4408
4627
4967
4566
4592
4011
4170
4351
5530
6190
3900
3908
5019
4048
4194
3984
4894
3828
4375
4582
5038
3924
4080
6136
4002
5129
4212
5060
5223
4592
4619
3932
3986
4666
4439
4738
5374
4134
5483
5447
4766
4187
5627
4292
4322
4059
5753
4662
5755
4213
4557
4688
4676
4701
3853
4486
4251
4119
4695
4424
4796
3905
5055
5473
4619
4657
4585
4674
3922
5145
3989
4111
5152
5424
5989
4702
5686
4262
5023
4367
3935
4772
5500
5386
5200
4047
4072
5363
5405
3933
3956
4581
4657
5219
5189
4329
4164
4189
4275
4471
5027
4663
4519
4616
4250
5703
5708
4562
4973
4481
4798
4081
4118
4070
4737
4754
4116
4645
4100
4716
3905
4229
5205
4176
4304
4684
4412
4116
4133
5335
3940
4043
4049
4443
4225
5905
6169
3947
5838
4282
4827
3913
4709
4094
5668
3930
3933
3964
4160
4740
4793
4272
5405
5602
4939
4118
4124
4133
4759
4778
5774
4065
4668
4676
4221
4706
4655
4683
4226
4672
4761
5694
6007
4688
4805
4538
4573
5651
3992
5461
3980
4608
5065
5901
5295
4119
4445
4890
4904
4012
4330
4347
4054
4599
5305
5591
4413
4809
4782
4787
3957
4168
5692
5412
4536
3991
4163
5942
6189
4153
4418
4122
5967
5706
4303
4922
5149
5264
4782
4808
4970
6078
4391
4634
4966
5671
5938
4759
4832
4810
5131
4124
4787
4820
4737
4856
5703
4175
4304
4386
4826
5734
4145
5430
4345
5722
4081
4774
4618
4927
4606
5495
4873
5221
4648
4808
4957
4880
4900
5880
4483
4679
4778
4862
4843
4248
4658
5337
4937
5124
4109
4224
5678
4323
5374
4820
4867
4284
4418
5065
4339
5869
4754
4984
4774
5274
4013
4623
4131
5028
5293
4641
4690
5507
4535
5141
4039
4335
4686
4878
4943
5081
6111
4805
4918
4229
4462
6019
4875
4979
5349
5787
5953
4738
4832
4844
4579
5827
4064
4170
5979
5377
5047
4323
6118
4194
4218
4515
5704
4101
4168
4813
4347
4407
5232
5329
4653
4875
4903
4811
5562
4901
5064
4257
4294
4753
4801
4693
4731
4405
4335
4364
4940
5730
4717
5065
5659
4319
4771
4074
4397
4220
4671
4977
4228
4867
4917
4969
4663
4499
4862
4903
4719
4255
4647
5082
4245
6066
4798
5042
4189
4811
4090
5418
5298
4092
5419
5301
4856
4988
4917
4930
4199
4520
5175
4995
4886
4543
4972
4153
5359
4131
4185
4707
4726
4106
4575
4931
5167
5355
5496
5488
4930
4953
4361
4896
6024
6053
4214
4409
4149
4703
4555
4579
4953
4961
4364
4407
4579
4796
4965
5471
4211
4961
4978
4378
4640
5100
4134
5619
4965
4976
4329
4474
4233
4765
4940
5016
5225
4918
4976
6128
4380
5027
4596
5020
5151
4768
5254
5423
5531
4502
6156
4185
4226
4824
4806
4218
4898
5006
4218
4266
4822
4480
5046
5352
4926
5287
4204
5579
5508
4278
4877
5084
4228
4258
4852
5062
4336
4417
5791
5616
5438
4709
4226
4266
5560
4178
5753
5406
4180
5407
5755
4340
4613
4709
5016
5068
4988
5107
4884
5150
4813
6046
4335
4478
6177
4452
5376
4222
4751
5487
4678
4910
4812
5111
4789
5682
4433
5311
4274
4855
4920
5481
4203
5043
4612
4632
5866
4246
4589
4307
4404
4665
4861
5085
5339
5130
4951
5040
5486
5212
5509
5240
5366
5677
5064
5433
6084
5068
5140
4287
5649
5908
5816
4511
5985
6167
4417
4567
4474
4940
4407
5045
5088
5553
5102
5105
4277
4310
4316
4374
4383
4992
4752
4830
5077
5934
5739
5207
5215
5636
5987
5119
4339
4864
5545
4291
5767
5245
5351
4272
5515
4530
5368
4694
5655
4460
5047
5653
4721
5667
5851
4365
4467
5042
5197
5946
5107
5203
4790
5171
4340
4987
5054
6082
4667
4714
5253
4956
5344
5140
5201
4496
5482
4513
5678
6056
6084
4882
5072
5914
5283
4520
4608
4822
6026
4697
4773
4842
4707
5967
5725
6013
4809
5074
4611
4667
4345
5169
5474
4371
5135
4532
5630
5024
5546
4593
5520
4441
5039
5197
5330
4465
5201
5257
5985
4375
5639
6016
4377
4637
5120
5557
5212
4660
5884
6089
4431
4461
5857
6192
5203
5290
5063
5332
5392
5018
5979
5546
6043
4666
5479
4658
5683
5204
5625
5163
4931
4983
4851
6018
4957
4979
5055
6107
4703
4684
5187
5786
5089
5159
5996
6126
5719
6080
5837
5257
5577
4920
5110
4747
6167
4499
5932
5710
4785
5005
4358
5611
4804
4419
5987
6177
4585
5538
5823
6014
4718
4984
5182
4553
4479
4597
4402
4791
4959
5340
4679
5172
5812
4413
5539
4410
5730
4756
5356
4638
4466
5819
4715
5623
5233
5476
4911
4429
4863
5079
4567
4752
4824
5368
4659
4886
5393
5707
5019
4586
5290
5541
4408
5459
5992
4945
5244
5855
4785
4840
4684
4667
4914
5673
4869
4893
5033
5048
5847
4792
5173
5551
6032
5370
5353
6182
5474
5578
6104
4656
5299
5807
4476
5784
4693
5123
5317
5141
5400
5312
4716
4885
4628
5128
5347
5714
5897
5300
6059
4772
4589
4731
4942
4994
5281
4864
4868
5289
4676
4753
5177
5920
5983
4593
5677
6046
5258
5058
4507
4763
6118
4703
4840
4851
4596
4745
5432
4848
4909
5091
4569
4752
6027
4521
5202
4644
5752
5611
4638
5273
4790
5398
4483
4893
4491
5511
5307
4960
4674
4801
4677
6181
4995
4549
5743
5139
4537
5130
5181
4665
4661
6061
5099
5372
5699
4559
4668
5075
5671
4959
6028
5909
5505
5523
6055
5697
5401
4755
5916
4506
5070
5420
4635
5404
5423
4955
5576
4932
5019
5078
5330
5521
5584
5053
5943
5305
4980
5554
4561
4897
5037
5286
5956
5549
6131
4971
5033
5529
5021
5389
5400
5489
4631
5211
5836
5754
4740
6001
4651
4714
4838
5384
6140
6140
5150
5265
4587
5204
4971
5480
5749
5915
4724
5252
5778
4607
5383
5436
4631
5153
5168
4648
5561
5667
6063
5813
4913
5590
5350
5620
4620
5289
5017
4838
4842
5765
5379
5510
5614
4716
5700
5145
5792
5883
5162
5917
4692
4642
6201
4888
5095
5015
5227
5939
5512
5572
4877
5386
4785
4905
5268
6068
4989
5876
5002
4712
5779
6099
5385
5543
5032
5774
4881
5870
6113
5056
4986
5596
5414
5879
5782
6189
5501
4830
5632
4623
4666
5646
4655
5174
5001
5321
6210
6215
5435
5373
5553
5919
5043
5098
5489
5512
4804
4943
4775
5455
4699
6063
5491
4947
5771
5191
4697
5086
5533
5527
4974
5186
5510
5583
5230
5326
5172
5537
4706
5302
5462
5651
5077
5901
5957
5318
4799
5488
4733
5904
5059
5742
5128
5752
4882
4987
4773
5360
5010
5247
5814
5843
4924
4774
5616
4695
4900
4792
5240
5441
4736
5873
5411
5182
4885
5764
5946
5314
5413
4777
4744
4876
5785
5421
5103
4843
5165
4784
5127
6036
4744
4757
5448
5521
5583
5472
6175
4852
4866
5822
4835
5116
5853
5086
5189
5733
5147
4962
5703
5925
4750
5331
5624
5585
6063
5030
5963
5696
5037
5874
4924
4971
5434
4895
5572
5698
4884
5410
4758
6077
4906
5223
5484
5174
5689
5727
5080
5143
4861
5821
5205
5993
5284
5881
5066
5079
4905
5004
5025
4908
5061
5115
5985
4793
5102
5120
5557
6212
5588
5594
4981
5470
5536
5002
5255
4909
5094
5215
5248
4813
5766
4827
5082
5490
5218
5596
5390
5605
5007
5324
4779
5220
5727
4776
6095
4788
4926
5481
5091
4817
6123
6077
5498
5966
6010
5086
5408
5941
4806
5026
5859
5615
5181
5137
5076
5644
4952
5371
5635
5359
5724
4902
4915
5613
5238
5084
5003
5312
5532
5534
5039
5119
5879
4836
4932
6119
5932
5020
5105
5408
4896
5291
5320
6160
5379
4968
5764
5217
5889
5369
5137
5181
5660
5700
5965
4966
5127
5652
5483
5129
5445
5263
6137
5157
5796
6044
5668
5760
5603
5698
5828
5117
5168
6002
5686
5773
5035
5684
6116
5365
5658
5594
5726
5750
5048
5748
5092
5021
5255
5950
5955
6017
5910
5304
5663
5810
5831
5168
5211
5688
5938
5757
4923
5444
5139
5051
5050
5863
5962
4886
5516
5878
6195
5266
6099
5498
5528
5296
4975
5832
5414
5452
4993
5595
5096
5582
5815
5111
5875
5048
5076
5758
5789
5166
5147
5177
5988
5741
5636
5627
5737
5054
5147
5981
4966
5009
6088
5195
4945
5191
5288
5626
5131
5648
5716
5162
6122
5769
5907
5817
4946
5568
6039
6029
5733
5888
5038
5250
5598
5391
6050
5192
5652
5633
5806
6025
5790
5692
5110
5211
5495
5442
5823
5691
5431
5712
5794
5772
5809
5675
5466
5690
5814
5235
5009
5672
5038
5597
5742
6043
5106
5365
4994
5061
5405
5587
5980
5169
5914
5739
5338
5163
5417
5448
5860
5824
6071
5669
5934
5006
5259
6208
5261
5542
5801
5415
5877
5062
5991
5231
5745
5113
5770
5709
5736
6022
5843
5080
5525
5991
5707
5278
5544
5725
5250
5713
5718
5811
5303
5593
5294
5808
5160
5397
6015
6043
5467
5657
5268
5819
5089
6094
6081
5084
5833
5079
5645
5975
6107
6199
5308
5272
5052
5403
5968
5828
5935
5837
5276
5475
5243
5237
6071
5072
5589
6014
5609
6000
6210
5560
5272
6071
5830
5104
5952
5133
6194
5472
5842
5661
6161
5565
5485
5629
5806
5585
5938
5896
5388
5454
5998
5230
5752
5865
5085
5126
5183
5182
5611
5788
5910
5258
5347
5124
6082
6141
5427
6180
5608
5720
6027
5266
6060
5765
5802
5244
5417
5630
5151
5184
5954
5426
5485
5296
5186
5452
5134
5666
5450
5453
5175
6163
6114
5260
5444
6023
5457
5726
5883
6111
5783
5802
5705
5959
5256
5307
5372
6089
6030
6131
6118
5411
5324
5247
5364
5643
5735
5888
5989
5379
5260
5818
5176
5886
5741
5930
5485
5609
5900
5352
5459
5559
5908
5975
5621
6191
5442
5729
6055
6079
5800
5804
5786
6039
5213
5607
5619
5261
5445
5852
5937
5317
5420
5963
5340
5577
5798
5378
5526
5893
6168
5234
5803
5902
5225
5341
5387
5639
5842
5273
5410
5241
5747
6178
5935
6016
5423
5491
5459
5732
5795
5973
5503
5350
5681
6051
5634
5919
5654
5669
5449
5691
5238
5277
5254
5358
5721
5562
5575
5737
5940
6037
5249
5328
6035
5582
5863
5906
5283
5413
5469
5791
5299
5904
5271
6034
6188
5371
5262
5997
5591
5256
5782
5465
5778
5858
5850
5659
5927
5711
5334
5658
5965
5746
6003
5700
5556
6026
5386
5767
5403
5605
5284
5808
5484
5520
5383
5537
5331
5775
5369
5687
5428
6091
5856
5893
5336
5921
5885
5659
5637
5404
5604
5990
5608
5942
6151
5610
5977
6150
5385
5542
5989
6064
5501
6059
6151
5662
5710
5680
5996
6094
5413
5558
5972
5756
5918
5548
6132
5479
5616
6081
5399
5541
6016
6073
6100
6042
5681
6110
5648
5641
6048
5471
5550
5342
5905
5377
6102
5517
5477
5674
5984
6154
5469
5615
6180
5851
5415
5483
5564
5573
5651
6048
5928
6102
6182
5595
5964
5389
5527
5541
5614
5696
6132
6076
6139
6009
6135
5425
5554
5967
5439
5487
5785
5969
5436
5614
5544
5759
5738
5740
6190
5422
5436
5517
5608
5610
5871
5687
6095
5468
5924
6187
5534
5734
5976
5504
5565
5603
5650
5621
5972
5913
5833
5664
6197
5503
5545
6025
5470
5629
6052
6064
6073
6021
6041
5456
5597
5994
6145
6000
5717
5573
5686
5669
5979
6191
5666
5899
5903
6054
6205
5559
6185
5535
5793
5961
6087
6125
5854
6170
5626
5650
5555
6156
5952
5618
6080
5579
5704
5735
6047
6204
5630
5795
5595
5642
5872
6141
5552
5776
6129
5673
6172
5665
6036
5710
5869
5510
6038
5555
6173
5538
5631
5749
5830
5647
5728
5530
5894
5560
5684
5988
5712
5772
5690
5966
5565
5933
6194
6124
5948
6161
6033
5702
5735
5628
5779
5623
5581
6057
5928
5543
6136
5715
6116
5718
5911
5581
5857
5899
5685
6052
5622
5570
5713
5974
6054
5760
5794
5729
5644
5658
5936
6022
6005
5600
5834
6201
5730
5922
5940
5926
6085
5646
5613
6067
6011
6159
5772
5743
5711
5825
5951
5995
5995
5870
5954
6013
6011
5848
5721
6060
6099
6058
6005
5657
5852
6031
5779
5970
5707
5867
6168
5981
5663
6058
5857
5917
5739
5999
6134
5783
5694
5818
5648
5702
5748
5796
5864
5792
5904
5758
5948
6129
6024
6142
6034
6061
5869
5958
5805
5776
5738
6067
5836
5829
6134
6104
5717
5826
6140
5714
5918
5715
5742
5847
6123
5879
6012
6157
5702
5866
5763
6035
6135
5911
5706
5931
6022
5936
5943
6090
5767
6123
5803
6015
6037
5837
5835
5963
6094
6149
5762
5753
5755
5781
6093
5873
5957
6114
6132
5833
6105
5788
5800
5841
5804
5889
5907
6060
5931
5871
5828
6110
5797
5796
5858
6003
6143
5945
6023
6103
5937
5988
6006
5839
5789
5899
6197
6178
5982
5882
6032
5862
5825
5960
5802
5952
5922
5881
5863
6004
5855
6169
5876
5820
5830
5983
5874
6031
6004
6079
6007
6018
6027
6003
6166
6194
5860
6115
5970
6108
6176
6159
6155
5940
6153
5865
6066
6128
5871
5975
6130
5859
5993
6025
5973
6021
5950
5953
5926
6162
5884
5891
6072
6106
5986
5905
6168
6068
5907
5947
5953
5929
6009
6036
6171
5895
6146
6037
5929
6007
6130
5943
5984
5990
6139
6076
6064
5911
6187
5923
6041
6137
6127
6061
6074
6174
6131
5976
5934
5980
6047
5914
6078
6192
5927
6041
5915
6090
6163
6056
5957
6020
5927
6147
6115
6091
6120
6002
6157
6097
6166
6093
6157
6015
5981
6057
6100
5966
5974
6062
6103
6008
6107
6078
6155
6201
6018
6076
6089
6191
6127
5996
6010
5978
5990
5992
6008
6044
6101
5992
6200
6053
6180
6185
6081
6028
6029
6012
6113
6164
6172
6133
6046
6153
6101
6058
6134
6158
6097
6179
6083
6085
6087
6091
6098
6070
6082
6102
6183
6133
6122
6127
6169
6192
6176
6195
6203
6146
6126
6142
6088
6105
6212
6162
6133
6105
6215
6109
6129
6098
6188
6186
6135
6165
6144
6143
6155
6149
6158
6150
6181
6183
6167
6174
6196
6179
6196
6164
6161
6202
6163
6184
6213
6189
6200
6175
6183
6193
6214
6196
6198
6205
6212
6213
)


// ************************************************************************* //
